0.6		
0	3.51046694200000	1.75523351243849
0.001	3.47703815400000	1.72125256363676
0.01	3.33746703300000	1.57657863626290
0.1	2.95079066000000	1.13619351050173
0.2	2.81559768900000	0.94423964745251
0.5	2.69684348400000	0.67772860175902
0.8	2.69111008400000	0.54615351608464
1	2.70834621600000	0.48697269157908
2	2.87929126100000	0.32293172452002
5	3.56674493400000	0.16358104400410
8	4.29662223900000	0.10855452537829
10	4.78910929400000	0.08818426145388
15	6.02829839267156	0.05925370783529
20	7.27249440300000	0.04398188038788
40	12.26271874362490	0.01999024243324
50	14.76014999000000	0.01505644264518
60	17.25792923446090	0.01177258374116
0.65		
0	3.12470138500000	1.56235069243620
0.001	3.09804653200000	1.53520825860160
0.01	2.98470070100000	1.41737847768817
0.1	2.66153551700000	1.04698297766342
0.2	2.54685586600000	0.88134363691235
0.5	2.44921030900000	0.64670223564634
0.8	2.45069442000000	0.52806499451012
1	2.47047137800000	0.47387889993017
2	2.64607075900000	0.32027937844472
5	3.33450050300000	0.16531243138201
8	4.06393182000000	0.11043010112072
10	4.55616817700000	0.08995636021623
15	5.79493074651835	0.06074926046821
20	7.03887110100000	0.04527229003866
40	12.02866168799100	0.02084843529964
50	14.52600376000000	0.01579234097080
60	17.02372756515170	0.01241252644720
0.7		
0	2.79404516600000	1.39702260441398
0.001	2.77272144200000	1.37526044508537
0.01	2.68053223100000	1.27905651676445
0.1	2.41093768100000	0.96725153213519
0.2	2.31427928700000	0.82432314119936
0.5	2.23561310800000	0.61784084900092
0.8	2.24369309400000	0.51096560487408
1	2.26580125300000	0.46139957768224
2	2.44564823400000	0.31766228324474
5	3.13484408800000	0.16695785547902
8	3.86379030200000	0.11222175006000
10	4.35576517400000	0.09164808367315
15	5.59408998336309	0.06217239512799
20	6.83777004500000	0.04649676368086
40	11.82711896443330	0.02166053355326
50	14.32437021000000	0.01648997390068
60	16.82203720619170	0.01302082345502
0.75		
0	2.50747642600000	1.25373823565596
0.001	2.49040685900000	1.23626825340888
0.01	2.41549698400000	1.15770481717835
0.1	2.19154043100000	0.89547586381911
0.2	2.11083619800000	0.77232728037789
0.5	2.04934942000000	0.59090246783706
0.8	2.06349359000000	0.49476800033193
1	2.08775261500000	0.44948907501948
2	2.27149696300000	0.31508581601381
5	2.96127490300000	0.16852961990084
8	3.68970158900000	0.11394137153921
10	4.18140543700000	0.09327096256586
15	5.41928174545872	0.06353363688694
20	6.66269686700000	0.04766482460508
40	11.65160020638460	0.02243246266363
50	14.14875887000000	0.01715387930181
60	16.64636587347270	0.01360091954893
0.8		
0	2.25672882200000	1.12836441120594
0.001	2.24309438900000	1.11435930081145
0.01	2.18244725900000	1.05034036226419
0.1	1.99770816100000	0.83045093055896
0.2	1.93122367300000	0.72466721354487
0.5	1.88537880400000	0.56568146432634
0.8	1.90512742000000	0.47939522322390
1	1.93138128100000	0.43810575697918
2	2.11871797000000	0.31255318553483
5	2.80891675400000	0.17003709477668
8	3.53679238000000	0.11559815916792
10	4.02821698000000	0.09483389754080
15	5.26563567323641	0.06484118880739
20	6.50878300200000	0.04878396253757
40	11.49723433011410	0.02316906641779
50	13.99429889000000	0.01778783334998
60	16.49184593435930	0.01415572917192
0.85		
0	2.03548089200000	1.01774045483093
0.001	2.02464857100000	1.00656098041830
0.01	1.97588285900000	0.95464548870317
0.1	1.82510007400000	0.77120973786445
0.2	1.77136498500000	0.68077873660623
0.5	1.73983601000000	0.54200185755808
0.8	1.76478840200000	0.46477907864499
1	1.79290057400000	0.42721200402127
2	1.98356261600000	0.31006611117432
5	2.67403944900000	0.17148766381493
8	3.40133634100000	0.11719930844375
10	3.89247404000000	0.09634391360706
15	5.12942661067307	0.06610155003741
20	6.37230255700000	0.04986015517125
40	11.36029851070310	0.02387434521745
50	13.85726812000000	0.01839500686011
60	16.35475309896580	0.01468773641867
0.9		
0	1.83881608700000	0.91940804353740
0.001	1.83028963900000	0.91055321360639
0.01	1.79150083200000	0.86879127938964
0.1	1.67031621000000	0.71696647254487
0.2	1.62807285600000	0.64019468078981
0.5	1.60970662900000	0.51971194596395
0.8	1.63951078900000	0.45085894934118
1	1.66936106000000	0.41677365428592
2	1.86311324200000	0.30762530665883
5	2.55374119300000	0.17288717269297
8	3.28043422700000	0.11875060584435
10	3.77127812100000	0.09780662820947
15	5.00775731359887	0.06731995654446
20	6.25035929200000	0.05089825036601
40	11.23789602208900	0.02455163598532
50	13.73477013000000	0.01897808307045
60	16.23219132349540	0.01519907289753
0.92		
0	1.76613560700000	0.88306780356113
0.001	1.75841639300000	0.87502663593201
0.01	1.72316967700000	0.83686714213168
0.1	1.61276888500000	0.69651994213806
0.2	1.57480998900000	0.62479663994504
0.5	1.56141901000000	0.51115503820529
0.8	1.59307453500000	0.44547350077653
1	1.62358951800000	0.41271877461150
2	1.81851803500000	0.30666198564739
5	2.50917390700000	0.17343378491335
8	3.23561896000000	0.11935824453082
10	3.72634379600000	0.09837951938707
15	4.96263197705279	0.06779655207176
20	6.20512324200000	0.05130373467768
40	11.19247619391120	0.02481535998223
50	13.68931068000000	0.01920509068734
60	16.18670641083030	0.01539824061674
0.95		
0	1.66285282590000	0.83142641294029
0.001	1.65623833950000	0.82449863724252
0.01	1.62588596020000	0.79131469661069
0.1	1.53065408180000	0.66707525227330
0.2	1.49881804390000	0.60252462523753
0.5	1.49260465640000	0.49868022863309
0.8	1.52694905560000	0.43758089957819
1	1.55843075900000	0.40675966868940
2	1.75506452620000	0.30523086423446
5	2.44573046450000	0.17424040203635
8	3.17179702990000	0.12025672855021
10	3.66234121340000	0.09922660837818
15	4.89834024381047	0.06850067147377
20	6.14066550330000	0.05190221607053
40	11.12774057579610	0.02520374718397
50	13.62451668730000	0.01953935085759
60	16.12187519356490	0.01569157928709
0.98		
0	1.56589347970000	0.78294673983742
0.001	1.56027023760000	0.77701783754209
0.01	1.53436016150000	0.74834759266278
0.1	1.45319206150000	0.63900262748372
0.2	1.42714031110000	0.58118220472289
0.5	1.42778430680000	0.48661681802501
0.8	1.46471773270000	0.42990196366093
1	1.49713207780000	0.40094317958214
2	1.69540409870000	0.30381629591048
5	2.38604348420000	0.17503176210496
8	3.11172439280000	0.12114036081896
10	3.60208588950000	0.10005968728548
15	4.83779434151579	0.06919250271181
20	6.07995181470000	0.05248960909289
40	11.06674834851140	0.02558393336161
50	13.56346681620000	0.01986647242838
60	16.06078503296220	0.01597871866754
1		
0	1.50448589250000	0.75224294624916
0.001	1.49946719430000	0.74692316718950
0.01	1.47629236840000	0.72103096379997
0.1	1.40393765600000	0.62099993643235
0.2	1.38156718790000	0.56743939830904
0.5	1.38661602880000	0.47879204035316
0.8	1.42522320410000	0.42489663188793
1	1.45824139570000	0.39714193702593
2	1.65757063200000	0.30288238608912
5	2.34817332270000	0.17555123578829
8	3.07359320670000	0.12172155044734
10	3.56383175530000	0.10060763451735
15	4.79934515643153	0.06964722513493
20	6.04139076960000	0.05287534886337
40	11.02800106746670	0.02583306023650
50	13.52468013180000	0.02008077505218
60	16.02197343894100	0.01616685439026
