5E-4    1.5023  0.7502
1E-3    1.5008  0.7486
5E-3    1.4904  0.7366
1E-2    1.4800  0.7243
2E-2    1.4636  0.7042
3E-2    1.4514  0.6884
4E-2    1.4418  0.6752
5E-2    1.4339  0.6637
6E-2    1.4273  0.6536
7E-2    1.4217  0.6444
8E-2    1.4168  0.6359
9E-2    1.4127  0.6281
1E-1    1.4101  0.6210
2E-1    1.3911  0.5675
3E-1    1.3876  0.5303
4E-1    1.3920  0.5015
5E-1    1.4011  0.4779
6E-1    1.4130  0.4576
7E-1    1.4270  0.4367
8E-1    1.4425  0.4237
9E-1    1.4592  0.4092
1E00    1.4758  0.3959
1.2E0   1.5158  0.3721
1.4E0   1.5550  0.3514
1.6E0   1.5956  0.3330
1.8E0   1.6373  0.3165
2E00    1.6799  0.3016
3E00    1.9014  0.2439
4E00    2.1315  0.2042
5E00    2.3666  0.1752
6E00    2.6049  0.1531
7E00    2.8455  0.1359
8E00    3.0878  0.1220
9E00    3.3314  0.1106
10E0    3.5749  0.1014
20E0    6.0492  0.05426
30E0    8.5392  0.03685
40E0    11.036  0.02785
50E0    13.495  0.02212
